1666594300811
1666594301811
1666594302811
1666594303811
1666594304811
1666594305811
1666594306811
1666594307811
1666594308811
1666594309811
1666594310811
1666594311811
1666594312811
1666594313811
1666594314811
1666594315811
1666594316811
1666594317811
1666594318811
1666594319811
1666594320811
1666594321811
1666594322811
1666594323811
1666594324811
1666594325811
1666594326811
1666594327811
1666594328811
1666594329811
1666594330811
1666594331811
1666594332811
1666594333811
1666594334812
1666594335811
1666594336811
1666594337811
1666594338811
1666594339811
1666594340811
1666594341811
1666594342811
1666594343811
1666594344811
1666594345812
1666594346811
1666594347812
1666594348812
1666594349812
1666594350812
1666594351812
1666594352812
1666594353812
1666594354812
1666594355812
1666594356812
1666594357812
1666594358812
1666594359812
1666594360812
1666594361812
1666594362812
1666594363812
1666594364812
1666594365812
1666594366812
1666594367812
1666594368812
1666594369812
1666594370812
1666594371812
1666594372812
1666594373812
1666594374812
1666594375812
1666594376812
1666594377812
1666594378812
1666594379812
1666594380812
1666594381812
1666594382812
1666594383812
1666594384812
1666594385812
1666594386812
1666594387812
1666594388812
1666594389812
1666594390812
1666594391812
1666594392812
1666594393812
1666594394812
1666594395812
1666594396812
1666594397812
1666594398812
1666594399812
1666594400812
1666594401812
1666594402812
1666594403812
1666594404812
1666594405812
1666594406812
1666594407812
1666594408812
1666594409812
1666594410812
1666594411812
1666594412812
1666594413812
1666594414812
1666594415812
1666594416812
1666594417812
1666594418812
1666594419812
1666594420812
1666594421812
1666594422812
1666594423812
1666594424812
1666594425812
1666594426812
1666594427812
1666594428812
1666594429812
1666594430812
1666594431812
1666594432812
1666594433812
1666594434812
1666594435812
1666594436812
