1666704354028
1666704355028
1666704356028
1666704357028
1666704358028
1666704359028
1666704360028
1666704361028
1666704362028
1666704363028
1666704364028
1666704365028
1666704366028
1666704367028
1666704368028
1666704369028
1666704370028
1666704371028
1666704372028
1666704373028
1666704374028
1666704375028
1666704376029
1666704377029
1666704378029
1666704379029
1666704380029
1666704381029
1666704382029
1666704383029
1666704384029
1666704385029
1666704386029
1666704387029
1666704388029
1666704389029
1666704390029
1666704391029
1666704392029
1666704393029
1666704394029
1666704395029
1666704396029
1666704397029
1666704398029
1666704399029
1666704400029
1666704401029
1666704402029
1666704403029
1666704404029
1666704405029
1666704406030
1666704407029
1666704408029
1666704409029
1666704410029
1666704411030
1666704412030
1666704413030
1666704414030
1666704415030
1666704416030
1666704417030
1666704418030
1666704419030
1666704420030
1666704421030
1666704422030
1666704423030
1666704424030
1666704425030
1666704426030
1666704427030
1666704428030
1666704429030
1666704430030
1666704431030
1666704432030
1666704433030
1666704434030
1666704435030
1666704436030
1666704437030
1666704438030
1666704439030
1666704440030
1666704441030
1666704442030
1666704443030
1666704444030
1666704445030
1666704446031
1666704447031
1666704448031
1666704449031
1666704450031
1666704451031
1666704452031
1666704453031
1666704454031
1666704455031
1666704456031
1666704457031
1666704458031
1666704459031
1666704460031
1666704461031
1666704462031
1666704463031
1666704464031
1666704465031
1666704466031
1666704467031
1666704468031
1666704469031
1666704470031
1666704471031
1666704472031
1666704473031
1666704474031
1666704475031
1666704476031
1666704477031
1666704478031
1666704479031
1666704480031
1666704481032
1666704482032
1666704483032
1666704484032
1666704485032
1666704486032
1666704487032
